,Country Name,2000,2001,2002,2003,2004,2005,2006,2007,2008,2009,2010,2011,2012,2013,2014,2015,2016,2017,2018,2019,2020,2021,Unnamed: 25,Unnamed: 26,Unnamed: 27,Unnamed: 28,Unnamed: 29,Unnamed: 30,Unnamed: 31,Unnamed: 32,Unnamed: 33,Unnamed: 34,Unnamed: 35,Unnamed: 36,Unnamed: 37,Unnamed: 38,Unnamed: 39,Unnamed: 40,Unnamed: 41
0,Armenia,-0.790883769,3.145904647,1.060049293,4.721553366,6.961261359,0.638928002,2.892356625,4.407360896,8.949953354,3.406766827,8.176361385,7.650008079,2.558020078,5.789667785,2.981308689,3.731691193,-1.403607559,0.969553269,2.52023382,1.443446608,1.211435778,7.184836294,,,,,,,,,,,,,,,,,
1,Austria,2.344862854,2.650000773,1.810357878,1.355553709,2.06120618,2.299137856,1.441548511,2.168555288,3.215950332,0.506308828,1.81353439,3.286579149,2.485675622,2.000156169,1.60581183,0.896563335,0.891591753,2.081269114,1.998379814,1.530895642,1.381910634,2.766666667,,,,,,,,,,,,,,,,,
2,Albania,0.050018136,3.10758827,7.770525834,0.484002612,2.280019169,2.366581957,2.370728319,2.932682482,3.320870904,2.266922095,3.626046956,3.429123247,2.031592684,1.937620802,1.625865044,3.501208355,-0.36731721,2.060598459,2.028059631,1.41109079,1.620886617,2.041471631,,,,,,,,,,,,,,,,,
3,Azerbaijan,1.805003037,1.547195902,2.77116472,2.23386493,6.708930428,9.679507319,8.328924829,16.69975496,20.84908718,1.45704836,5.726872247,7.858333333,1.066213397,2.415717453,1.373441815,4.027685737,12.44337486,12.93591842,2.268546904,2.610571828,2.75980947,6.650299127,,,,,,,,,,,,,,,,,
4,Belgium,2.544517762,2.469258231,1.645214362,1.588964,2.097283112,2.781432637,1.791207701,1.8230563,4.489444205,-0.053145674,2.189299204,3.532082107,2.839663434,1.11309594,0.340002833,0.561429153,1.973852647,2.12597086,2.053164999,1.43681957,0.740791812,2.440248511,,,,,,,,,,,,,,,,,
5,Bulgaria,10.31626213,7.360939272,5.810143657,2.348641696,6.147130742,5.038838071,7.261594628,8.40253419,12.3487196,2.753202239,2.438990605,4.219903466,2.954568298,0.890093541,-1.418183803,-0.104633261,-0.798649886,2.061596194,2.814544738,3.103729448,1.672440969,3.297744353,,,,,,,,,,,,,,,,,
6,Bosnia and Herzegovina,,,,,,,6.125566156,1.500777106,7.427043103,-0.381464282,1.996212367,3.67125,2.05267452,-0.093045684,-0.897194054,-1.036023034,-1.5841,0.810133322,1.41710814,0.562782154,-1.051296008,1.981639006,,,,,,,,,,,,,,,,,
7,Belarus,168.6202359,61.13493316,42.53754813,28.39783991,18.10824249,10.33887945,6.997129035,8.426752735,14.83787648,12.94565634,7.735748043,53.22869831,59.21973602,18.31226104,18.11955435,13.53448976,11.83658077,6.031837252,4.872302206,5.59815595,5.548143575,9.460283896,,,,,,,,,,,,,,,,,
8,Switzerland,1.558529197,0.98902033,0.642711507,0.638272931,0.802908731,1.171954203,1.059509283,0.732350603,2.426041171,-0.480481936,0.688238707,0.231349208,-0.692552018,-0.217323155,-0.013202539,-1.143908672,-0.434618664,0.53378784,0.936335464,0.36288618,-0.725874933,0.581814168,,,,,,,,,,,,,,,,,
9,Cyprus,4.141657647,1.973041917,2.801155052,4.139065387,2.286217068,2.560161323,2.30468733,2.372651837,4.669008419,0.326276652,2.430040841,3.289449396,2.3890541,-0.399357676,-1.354988854,-2.096997691,-1.429166667,0.531766496,1.435491195,0.250370997,-0.638422798,2.446088672,,,,,,,,,,,,,,,,,
10,Czech Republic,3.775388292,4.66267557,1.90298097,0.118739206,2.760107817,1.857097891,2.533992583,2.853124372,6.358663802,1.019377353,1.472727273,1.917219136,3.287623066,1.438297872,0.34398859,0.309364548,0.683504209,2.450533985,2.149494949,2.847875959,3.161295285,3.839844915,,,,,,,,,,,,,,,,,
11,Germany,1.440268187,1.983856936,1.420805605,1.034227766,1.665733409,1.546909652,1.577428259,2.298341797,2.628381749,0.31273763,1.103809161,2.075174525,2.008490922,1.50472098,0.906797949,0.51442054,0.491748625,1.509496558,1.732167661,1.445667015,0.50668989,3.142969673,,,,,,,,,,,,,,,,,
12,Denmark,2.903282032,2.337870003,2.424436612,2.075078206,1.154356931,1.817814583,1.924221385,1.693265862,3.416267943,1.30470991,2.31092437,2.758682261,2.397914857,0.78907178,0.56402054,0.452034154,0.25,1.14713217,0.813609467,0.758131573,0.420711974,1.85304544,,,,,,,,,,,,,,,,,
13,Spain,3.433515634,3.589834133,3.065656859,3.038888394,3.039248811,3.368814098,3.515575768,2.786797458,4.07534336,-0.287813084,1.799864577,3.196101888,2.446127824,1.408581092,-0.151114838,-0.50036571,-0.202598,1.956076334,1.674981369,0.699518994,-0.322753017,3.09313512,,,,,,,,,,,,,,,,,
14,Estonia,4.018489525,5.748279817,3.571912702,1.334991165,3.048111075,4.079714232,4.437620424,6.601326031,10.36235803,-0.078408311,2.97204512,4.981901315,3.933399873,2.78056659,-0.106175147,-0.492326007,0.148684908,3.417235495,3.436326884,2.277259312,-0.444531098,4.653166738,,,,,,,,,,,,,,,,,
15,Finland,3.042100807,2.578440801,1.571220128,0.877440386,0.187120559,0.62387445,1.566663807,2.510665652,4.065953554,-9.17e-07,1.184135232,3.416807543,2.808336226,1.478286157,1.041196212,-0.20792884,0.356684501,0.754015047,1.083820984,1.02409393,0.290554556,2.194574323,,,,,,,,,,,,,,,,,
16,France,1.675959887,1.634780795,1.923412287,2.098472191,2.142089646,1.745869364,1.675124496,1.48799806,2.812861949,0.087620478,1.531122704,2.111597952,1.954195316,0.863715498,0.507758823,0.037514381,0.183334861,1.032282751,1.850815083,1.108254923,0.476498853,1.64233141,,,,,,,,,,,,,,,,,
17,United Kingdom,1.182956242,1.532349603,1.520402459,1.376500385,1.390397567,2.08913649,2.455661664,2.386561508,3.521408563,1.961731736,2.492654725,3.856112447,2.573234797,2.291666667,1.451120163,0.368046842,1.008417368,2.557755776,2.292839903,1.738104601,0.989486704,2.518371096,,,,,,,,,,,,,,,,,
18,Georgia,4.063962014,4.646044421,5.5878373,0.837734532,5.656326362,8.247090431,9.160965084,9.244897456,9.999487616,1.727514611,7.110178975,8.542933333,-0.943658853,-0.512058411,3.068812104,4.003578207,2.134927139,6.035317253,2.615244714,4.852898217,5.20246489,9.566914338,,,,,,,,,,,,,,,,,
19,Greece,3.151181625,3.373968322,3.629358719,3.530650278,2.898848108,3.545072733,3.195946841,2.895003215,4.152797081,1.210072692,4.712989078,3.329853234,1.501526962,-0.921269454,-1.312260964,-1.735888048,-0.825653978,1.12125452,0.625621413,0.253007522,-1.247983556,1.22382501,,,,,,,,,,,,,,,,,
20,Croatia,4.611315547,3.776702467,1.671784374,1.767337808,2.055396791,3.317178244,3.189825915,2.899282756,6.076968388,2.378528459,1.030555053,2.272727273,3.412073491,2.216582064,-0.21519616,-0.464499005,-1.125,1.129372103,1.50012501,0.771820346,0.154811375,2.554506996,,,,,,,,,,,,,,,,,
21,Hungary,9.803610169,9.116809117,5.265448216,4.661016949,6.744346796,3.561517114,3.930326038,7.958745165,6.042512539,4.211711712,4.855557957,3.929920989,5.652145171,1.73319985,-0.227566271,-0.06164468,0.394769307,2.348242812,2.850247926,3.338586354,3.326743858,5.110965344,,,,,,,,,,,,,,,,,
22,Ireland,5.5907173,4.872904873,4.614733277,3.49048968,2.199628507,2.429691984,3.931639895,4.897115644,4.060304951,-4.478103392,-0.922095829,2.557188832,1.696208973,0.508714869,0.182542317,-0.289879079,0.008306338,0.340531561,0.488370168,0.939044481,-0.334584625,2.358142962,,,,,,,,,,,,,,,,,
23,Iceland,5.136471232,6.405085504,5.197022302,2.055663298,3.158193243,3.987047828,6.687079061,5.051557365,12.69439428,12.00312985,5.396731132,4.001026643,5.185899888,3.872279237,2.044614815,1.633055582,1.69692762,1.760415592,2.682917683,3.013971792,2.847924015,4.444239702,,,,,,,,,,,,,,,,,
24,Italy,2.537685321,2.785165427,2.465323192,2.672555528,2.206736614,1.985292985,2.09084391,1.829741122,3.347832584,0.774768131,1.525516021,2.780632729,3.041363332,1.219993423,0.24104743,0.0387904,-0.094016657,1.226533166,1.137487636,0.611246944,-0.137707574,1.873783258,,,,,,,,,,,,,,,,,
25,Liechtenstein,,,,,,,,,,,,,,,,,,,,,,,,,,,,,,,,,,,,,,,
26,Lithuania,0.981615479,1.367120308,0.28150661,-1.13430855,1.164102521,2.658484841,3.739120041,5.737173828,10.92588562,4.453044565,1.319213621,4.130275626,3.089982771,1.047479371,0.103758009,-0.884097406,0.905525075,3.722888623,2.697927792,2.33450938,1.19989445,4.683544209,,,,,,,,,,,,,,,,,
27,Luxembourg,3.15076707,2.663821106,2.074086136,2.049840306,2.225679164,2.487696652,2.666314946,2.312458618,3.40187963,0.368041998,2.273679116,3.410683411,2.662841655,1.734039635,0.628543985,0.474743161,0.290833333,1.730799591,1.528195243,1.743320757,0.819957302,2.526920091,,,,,,,,,,,,,,,,,
28,Latvia,2.654254778,2.487040036,1.938875739,2.942647529,6.192385472,6.748450279,6.536199088,10.09297758,15.40231911,3.534106729,-1.08463595,4.370735599,2.257789244,-0.029454778,0.620490637,0.174242244,0.140633335,2.930363124,2.534454242,2.811409201,0.219064905,3.275829374,,,,,,,,,,,,,,,,,
29,Republic of Moldova,31.29930158,9.764662858,5.301243903,11.74607921,12.52427684,11.95918372,12.77775578,12.36716684,12.78304726,-0.062718597,7.483850864,7.687251034,4.546334274,4.597878974,5.088785546,9.676240331,6.35930898,6.570229975,3.045053973,4.837783514,3.765971222,5.10641129,,,,,,,,,,,,,,,,,
30,Malta,2.369592875,2.929492443,2.188490481,1.303837774,2.790828481,3.007966525,2.773780065,1.249219238,4.258621719,2.084327461,1.515635136,2.962985282,2.375820578,1.180284364,0.310306472,1.100548264,0.642702772,1.364354482,1.157823625,1.642060018,0.638544957,1.497892179,,,,,,,,,,,,,,,,,
31,Montenegro,,,,,,,2.924512581,4.347122157,8.758727696,3.466723732,0.65494657,3.450143112,4.14524725,2.205892681,-0.710514052,1.548691582,-0.271385023,2.380235991,2.611223783,0.361563705,-0.2556557,2.410801984,,,,,,,,,,,,,,,,,
32,Netherlands,2.360522338,4.155841272,3.287531047,2.09199839,1.263647392,1.688130179,1.101501065,1.613858598,2.486501983,1.18977687,1.275305696,2.341070178,2.455547653,2.506898527,0.97603508,0.600248147,0.316666667,1.381458714,1.703497947,2.633699102,1.272460378,2.675720088,,,,,,,,,,,,,,,,,
33,Norway,3.085506091,3.00419704,1.286725284,2.487825535,0.454498502,1.532133676,2.329349808,0.712589074,3.753930818,2.197385869,2.418906395,1.284951588,0.696864111,2.120486204,2.041702867,2.171136654,3.55,1.875100596,2.764831345,2.167730033,1.286584907,3.483880553,,,,,,,,,,,,,,,,,
34,Poland,9.900175388,5.408335456,1.90528215,0.682701376,3.382646819,2.183798724,1.284693944,2.458743124,4.164971935,3.795392425,2.580693703,4.239401496,3.560371517,0.991982606,0.053821313,-0.874125874,-0.664767331,2.075935537,1.812951565,2.227478809,3.374469726,5.055027047,,,,,,,,,,,,,,,,,
35,Portugal,2.853030393,4.369903306,3.600346583,3.218990907,2.365362041,2.277163949,3.107665459,2.453965281,2.588506577,-0.835530022,1.402572899,3.653011004,2.773338541,0.274416667,-0.278153367,0.487938624,0.607397075,1.368614116,0.993715683,0.33817841,-0.01243833,1.265657191,,,,,,,,,,,,,,,,,
36,Romania,45.66659404,34.47701235,22.53988626,15.27348899,11.87436359,9.014912833,6.558514123,4.837329283,7.850802557,5.587420043,6.091416686,5.789253288,3.334922677,3.984712355,1.068309877,-0.594156437,-1.544796668,1.339021211,4.625484431,3.827854326,2.631073112,5.052328761,,,,,,,,,,,,,,,,,
37,Russian Federation,20.79876066,21.47700721,15.78873079,13.66329302,10.88861573,12.68530395,9.668654548,9.007298689,14.11076778,11.64732958,6.849392303,8.440464859,5.074743008,6.753710262,7.823411839,15.53440505,7.04244763,3.683329444,2.878297236,4.470366608,3.381659372,6.69445892,,,,,,,,,,,,,,,,,
38,San Marino,,,,,1.430838685,1.685488905,2.095259356,2.498945757,4.293202493,2.19959237,2.585418156,2.899795843,2.827332242,1.604392981,1.112963034,0.145686073,0.57394802,1.045976835,,,,,,,,,,,,,,,,,,,,,
39,Serbia,71.12062879,95.00522581,19.49083216,9.876178897,11.02636272,16.11998065,11.724023,6.391706444,12.41098678,8.116950922,6.142553602,11.13739763,7.330385896,7.694263629,2.082447939,1.39235822,1.122313974,3.131062486,1.959840763,1.849229845,1.575532901,4.085102853,,,,,,,,,,,,,,,,,
40,Slovakia,12.0357806,7.329620191,3.12714223,8.554143054,7.548500882,2.709084946,4.483331204,2.756723716,4.598179763,1.615104641,0.957018133,3.919285991,3.606102635,1.40047369,-0.07616533,-0.325219777,-0.520010196,1.311945882,2.514037129,2.664561334,1.936941267,3.149606299,,,,,,,,,,,,,,,,,
41,Slovenia,8.911744187,8.379665875,7.480777707,5.544164218,3.592975942,2.451501323,2.457924442,3.657495633,5.647423806,0.839262247,1.801170221,1.802851719,2.59741386,1.769200859,0.199343827,-0.525552286,-0.054999542,1.429107433,1.73860862,1.630522608,-0.054856816,1.917065061,,,,,,,,,,,,,,,,,
42,Sweden,0.899143734,2.405958341,2.158482136,1.925655349,0.373659829,0.453170853,1.360214686,2.212168834,3.437049106,-0.494460544,1.157988027,2.961150738,0.888377507,-0.04429297,-0.179638494,-0.046784745,0.984269245,1.794499047,1.953535301,1.784150974,0.497367319,2.163197364,,,,,,,,,,,,,,,,,
43,Turkey,54.91537058,54.40018876,44.96412095,21.60243845,8.598261681,8.179160368,9.597242123,8.75618091,10.44412838,6.250976631,8.566444206,6.471879671,8.891569965,7.493090305,8.854572714,7.670853648,7.775134153,11.14431108,16.3324639,15.17682157,12.27895745,19.59649269,,,,,,,,,,,,,,,,,
44,Ukraine,28.20309724,11.95880854,0.757420846,5.179677819,9.048067861,13.56957649,9.052524911,12.83877962,25.22646171,15.88119246,9.372931051,7.955724663,0.568727972,-0.238948626,12.07185629,48.69986464,13.9127102,14.43832275,10.95185594,7.886717456,2.732492094,,,,,,,,,,,,,,,,,,
45,Israel,1.053575432,1.15350488,5.756578947,0.725764645,-0.411734431,1.312661499,2.060803918,0.459816074,4.55721393,3.340312143,2.716640575,3.478572709,1.689481892,1.576211979,0.486495554,-0.634390651,-0.546034946,0.244953121,0.817323896,0.844128709,-0.5884303,1.492288454,,,,,,,,,,,,,,,,,
46,Macedonia,6.60742291,5.198885257,2.314597941,0.855562123,-0.448650207,0.525515951,3.213629296,2.251757983,8.33189667,-0.739633963,1.50997522,3.904754221,3.316055667,2.785000567,-0.281705033,-0.299920476,-0.239290788,1.351618897,1.458312985,0.766439573,1.200073489,3.230749121,,,,,,,,,,,,,,,,,
47,Monaco,,,,,,,,,,,,,,,,,,,,,,,,,,,,,,,,,,,,,,,
48,Faroe Islands,,,,,,,,,,,,,,,,,,,,,,,,,,,,,,,,,,,,,,,
49,Andorra,,,,,,,,,,,,,,,,,,,,,,,,,,,,,,,,,,,,,,,
